{
 "cells": [
  {
   "cell_type": "code",
   "execution_count": 49,
   "id": "1cad9c0b",
   "metadata": {},
   "outputs": [
    {
     "name": "stdout",
     "output_type": "stream",
     "text": [
      "[[ 242. -121.    0.    0.    0.    0.    0.    0.    0.    0.]\n",
      " [-121.  242. -121.    0.    0.    0.    0.    0.    0.    0.]\n",
      " [   0. -121.  242. -121.    0.    0.    0.    0.    0.    0.]\n",
      " [   0.    0. -121.  242. -121.    0.    0.    0.    0.    0.]\n",
      " [   0.    0.    0. -121.  242. -121.    0.    0.    0.    0.]\n",
      " [   0.    0.    0.    0. -121.  242. -121.    0.    0.    0.]\n",
      " [   0.    0.    0.    0.    0. -121.  242. -121.    0.    0.]\n",
      " [   0.    0.    0.    0.    0.    0. -121.  242. -121.    0.]\n",
      " [   0.    0.    0.    0.    0.    0.    0. -121.  242. -121.]\n",
      " [   0.    0.    0.    0.    0.    0.    0.    0. -121.  242.]]\n",
      "(array([474.19729961, 445.58335495, 400.47629761, 342.53043315,\n",
      "       276.44019086, 207.55980914,   9.80270039,  38.41664505,\n",
      "        83.52370239, 141.46956685]), array([[ 0.12013117,  0.23053002,  0.3222527 ,  0.38786839, -0.42206128,\n",
      "         0.42206128, -0.12013117,  0.23053002, -0.3222527 , -0.38786839],\n",
      "       [-0.23053002, -0.38786839, -0.42206128, -0.3222527 ,  0.12013117,\n",
      "         0.12013117, -0.23053002,  0.38786839, -0.42206128, -0.3222527 ],\n",
      "       [ 0.3222527 ,  0.42206128,  0.23053002, -0.12013117,  0.38786839,\n",
      "        -0.38786839, -0.3222527 ,  0.42206128, -0.23053002,  0.12013117],\n",
      "       [-0.38786839, -0.3222527 ,  0.12013117,  0.42206128, -0.23053002,\n",
      "        -0.23053002, -0.38786839,  0.3222527 ,  0.12013117,  0.42206128],\n",
      "       [ 0.42206128,  0.12013117, -0.38786839, -0.23053002, -0.3222527 ,\n",
      "         0.3222527 , -0.42206128,  0.12013117,  0.38786839,  0.23053002],\n",
      "       [-0.42206128,  0.12013117,  0.38786839, -0.23053002,  0.3222527 ,\n",
      "         0.3222527 , -0.42206128, -0.12013117,  0.38786839, -0.23053002],\n",
      "       [ 0.38786839, -0.3222527 , -0.12013117,  0.42206128,  0.23053002,\n",
      "        -0.23053002, -0.38786839, -0.3222527 ,  0.12013117, -0.42206128],\n",
      "       [-0.3222527 ,  0.42206128, -0.23053002, -0.12013117, -0.38786839,\n",
      "        -0.38786839, -0.3222527 , -0.42206128, -0.23053002, -0.12013117],\n",
      "       [ 0.23053002, -0.38786839,  0.42206128, -0.3222527 , -0.12013117,\n",
      "         0.12013117, -0.23053002, -0.38786839, -0.42206128,  0.3222527 ],\n",
      "       [-0.12013117,  0.23053002, -0.3222527 ,  0.38786839,  0.42206128,\n",
      "         0.42206128, -0.12013117, -0.23053002, -0.3222527 ,  0.38786839]]))\n",
      "445.5833549451458\n",
      "(456.5362029172883, array([ 0.17331826, -0.21571297,  0.09596445,  0.11772624, -0.32949179,\n",
      "        0.46943599, -0.50520309,  0.44113699, -0.31142908,  0.15685976]))\n"
     ]
    },
    {
     "name": "stderr",
     "output_type": "stream",
     "text": [
      "/tmp/ipykernel_5678/1730680560.py:64: VisibleDeprecationWarning: Creating an ndarray from ragged nested sequences (which is a list-or-tuple of lists-or-tuples-or ndarrays with different lengths or shapes) is deprecated. If you meant to do this, you must specify 'dtype=object' when creating the ndarray.\n",
      "  sont_proches = np.all(np.abs(eigval - Val_exact) < tolerance)\n"
     ]
    },
    {
     "ename": "ValueError",
     "evalue": "could not broadcast input array from shape (10,10) into shape (10,)",
     "output_type": "error",
     "traceback": [
      "\u001b[0;31m---------------------------------------------------------------------------\u001b[0m",
      "\u001b[0;31mValueError\u001b[0m                                Traceback (most recent call last)",
      "Cell \u001b[0;32mIn[49], line 64\u001b[0m\n\u001b[1;32m     62\u001b[0m tolerance \u001b[38;5;241m=\u001b[39m \u001b[38;5;241m0.0001\u001b[39m\n\u001b[1;32m     63\u001b[0m eigval \u001b[38;5;241m=\u001b[39m np\u001b[38;5;241m.\u001b[39mlinalg\u001b[38;5;241m.\u001b[39meig(Ah)\n\u001b[0;32m---> 64\u001b[0m sont_proches \u001b[38;5;241m=\u001b[39m np\u001b[38;5;241m.\u001b[39mall(np\u001b[38;5;241m.\u001b[39mabs(\u001b[43meigval\u001b[49m\u001b[43m \u001b[49m\u001b[38;5;241;43m-\u001b[39;49m\u001b[43m \u001b[49m\u001b[43mVal_exact\u001b[49m) \u001b[38;5;241m<\u001b[39m tolerance)\n\u001b[1;32m     65\u001b[0m \u001b[38;5;28;01mif\u001b[39;00m sont_proches : \n\u001b[1;32m     66\u001b[0m     \u001b[38;5;28mprint\u001b[39m (\u001b[38;5;124m\"\u001b[39m\u001b[38;5;124mLes valeurs propres sont proches\u001b[39m\u001b[38;5;124m\"\u001b[39m)\n",
      "\u001b[0;31mValueError\u001b[0m: could not broadcast input array from shape (10,10) into shape (10,)"
     ]
    }
   ],
   "source": [
    "### import numpy as np\n",
    "import math\n",
    "import scipy.linalg\n",
    "import scipy.stats as spi\n",
    "import matplotlib.pyplot as plt\n",
    "\n",
    "#Qst 1\n",
    "def Laplacien_dirichelet(N):\n",
    "    h = 1/(N+1)\n",
    "    Ah = 1/h**2 * (2 * np.eye(N) - np.eye(N, k=1) - np.eye(N, k=-1))\n",
    "\n",
    "    return Ah\n",
    "N = 10\n",
    "Ah = Laplacien_dirichelet(N)\n",
    "print(Ah)\n",
    "\n",
    "\n",
    "#qst2\n",
    "l = np.linalg.eig(Ah)\n",
    "print (l)\n",
    "\n",
    "#if all(l > 0):\n",
    "    \n",
    "#    print(\"La matrice est définie positive.\")\n",
    "\n",
    "#Qst3   \n",
    "def eigval_exact (N):\n",
    "    h = 1/(N+1)\n",
    "    for k in range(1, N):\n",
    "        eigval = (2 / h ** 2) * (1 - np.cos(k * np.pi * h))\n",
    "\n",
    "    return eigval\n",
    "\n",
    "#Qst4\n",
    "Val_exact = eigval_exact (N)\n",
    "print (Val_exact)\n",
    "\n",
    "\n",
    "#Qst5\n",
    "def power_method (A, Nit, x0 ):\n",
    "    x = x0 / np.linalg.norm(x0)\n",
    "    for k in range(1, Nit):\n",
    "        x = np.dot(A, x)\n",
    "        x = x / np.linalg.norm(x)\n",
    "        lmbda = np.dot (x.T , np.dot(A, x))\n",
    "    return lmbda, x\n",
    "\n",
    "#Qst6\n",
    "x0 = np.random.rand(N)\n",
    "A = power_method ( Ah,𝑁 ,𝑥0 )\n",
    "print (A)\n",
    "#comparer 1er méthode\n",
    "#sont_proches = np.allclose(np.linalg.eig(Ah), Val_exact)\n",
    "\n",
    "#if sont_proches:\n",
    "#    print(\"Les valeurs propres calculées sont proches des valeurs exactes.\")\n",
    "#else:\n",
    "#    print(\"Les valeurs propres calculées ne correspondent pas aux valeurs exactes.\")\n",
    "    \n",
    "#comparer 2eme méthode\n",
    "\n",
    "tolerance = 0.0001\n",
    "eigval = np.linalg.eig(Ah)\n",
    "sont_proches = np.all(np.abs(eigval - Val_exact) < tolerance)\n",
    "if sont_proches : \n",
    "    print (\"Les valeurs propres sont proches\")\n",
    "else:\n",
    "    print (\"Les valeurs propres sont différentes\")\n",
    "    \n",
    "# La valeur propre calculée est 445.5833549451458\n",
    "# L'influence du nombre d'itération Nit \n",
    "\n",
    "\n",
    "#Qst7\n",
    "\n",
    "def orthonormalize (X):\n",
    "    Q = np.linalg.qr(Ah)\n",
    "return Q\n",
    "\n",
    "X = np.random.rand(N)\n",
    "QR = orthonormalize (X)\n",
    "\n",
    "\n",
    "#Qst8\n",
    "\n",
    "def power_method_orth (A, Nit, X0):\n",
    "    X = orthonormalize (X0)\n",
    "    for k in range(1, Nit):\n",
    "        x = np.dot(A, x)\n",
    "        X = orthonormalize (X)\n",
    "        lmbda = np.dot(X.T , np.dot(A,X))\n",
    "return np.diag(lmbda,X)\n",
    "\n",
    "#Qst9\n",
    "\n",
    "P = power_method_orth(Ah, 10, X0)\n",
    "print(P)\n",
    "#vérifier qu’elle permet de calculer les 𝑃 plus grandes valeurs propres\n",
    "\n",
    "#Qst10\n",
    "\n",
    "# X0 = 1 power_method_orth() = la méthode QR\n",
    "#elle permet de trouver toutes les valeurs propres de 𝐴ℎ"
   ]
  },
  {
   "cell_type": "code",
   "execution_count": 48,
   "id": "b3676c12",
   "metadata": {},
   "outputs": [
    {
     "name": "stdout",
     "output_type": "stream",
     "text": [
      "Matrice du Laplacien :\n",
      "[[ 242. -121.    0.    0.    0.    0.    0.    0.    0.    0.]\n",
      " [-121.  242. -121.    0.    0.    0.    0.    0.    0.    0.]\n",
      " [   0. -121.  242. -121.    0.    0.    0.    0.    0.    0.]\n",
      " [   0.    0. -121.  242. -121.    0.    0.    0.    0.    0.]\n",
      " [   0.    0.    0. -121.  242. -121.    0.    0.    0.    0.]\n",
      " [   0.    0.    0.    0. -121.  242. -121.    0.    0.    0.]\n",
      " [   0.    0.    0.    0.    0. -121.  242. -121.    0.    0.]\n",
      " [   0.    0.    0.    0.    0.    0. -121.  242. -121.    0.]\n",
      " [   0.    0.    0.    0.    0.    0.    0. -121.  242. -121.]\n",
      " [   0.    0.    0.    0.    0.    0.    0.    0. -121.  242.]]\n",
      "Valeurs propres calculées : [474.19729961 445.58335495 400.47629761 342.53043315 276.44019086\n",
      " 207.55980914   9.80270039  38.41664505  83.52370239 141.46956685]\n",
      "Valeurs propres exactes : [9.802700385291637, 38.41664505485415, 83.52370238524104, 141.46956685354348, 207.55980913786502, 276.440190862135, 342.5304331464565, 400.47629761475895, 445.5833549451458, 474.1972996147084]\n",
      "Valeur propre calculée : 474.1972996147083\n",
      "Les valeurs propres sont différentes.\n",
      "Matrice orthonormale QR :\n",
      "[[-0.21424064  0.06631874  0.12377076  0.31248597  0.29964622  0.75046899\n",
      "   0.19778297  0.0910473  -0.35985003 -0.08273311]\n",
      " [-0.27290439 -0.14128068 -0.49783779  0.40264868  0.52118658 -0.22987867\n",
      "  -0.32925311  0.20473758  0.14350103 -0.01404473]\n",
      " [-0.0101126   0.6617437   0.18168754  0.27144088  0.27966365 -0.30475056\n",
      "   0.44620508 -0.15738977  0.24046873 -0.0502207 ]\n",
      " [-0.33049408  0.10964849 -0.05438038 -0.41440871 -0.02945884 -0.01974609\n",
      "   0.12867929  0.45001529  0.11498186 -0.68593614]\n",
      " [-0.23526541 -0.19857751 -0.30462675  0.25526278 -0.30892889  0.01162704\n",
      "   0.17062947 -0.65909211  0.01406495 -0.43355937]\n",
      " [-0.49835875 -0.09149491 -0.28884537 -0.12768864 -0.20224071 -0.04761142\n",
      "   0.52798708  0.1630947   0.00851596  0.54306564]\n",
      " [-0.30050079  0.32905257  0.16774703  0.43961651 -0.57568614 -0.1250404\n",
      "  -0.35611667  0.26025933 -0.19517408  0.01803848]\n",
      " [-0.27571352  0.21276669  0.04510246 -0.15681004 -0.04710124  0.44078769\n",
      "  -0.33689519 -0.20045752  0.68823652  0.16800403]\n",
      " [-0.53490863 -0.2683475   0.60124743 -0.14637675  0.2705964  -0.27946132\n",
      "  -0.13325112 -0.25473651 -0.15431064  0.03403505]\n",
      " [-0.1189049   0.50234859 -0.36465034 -0.41721713  0.12768427 -0.01611596\n",
      "  -0.26619329 -0.29781957 -0.49297548  0.08558232]]\n"
     ]
    }
   ],
   "source": [
    "import math\n",
    "import scipy.linalg\n",
    "import scipy.stats as spi\n",
    "import matplotlib.pyplot as plt\n",
    "\n",
    "\n",
    "# Exercice 2\n",
    "# Question 1\n",
    "\n",
    "\n"
   ]
  },
  {
   "cell_type": "code",
   "execution_count": null,
   "id": "f345230a",
   "metadata": {},
   "outputs": [],
   "source": []
  }
 ],
 "metadata": {
  "kernelspec": {
   "display_name": "Python 3 (ipykernel)",
   "language": "python",
   "name": "python3"
  },
  "language_info": {
   "codemirror_mode": {
    "name": "ipython",
    "version": 3
   },
   "file_extension": ".py",
   "mimetype": "text/x-python",
   "name": "python",
   "nbconvert_exporter": "python",
   "pygments_lexer": "ipython3",
   "version": "3.10.9"
  }
 },
 "nbformat": 4,
 "nbformat_minor": 5
}
